2234.56
2248.0
2248.92
2253.0
2272.34
2310.83
2301.99
2304.52
2313.3
2338.05
2314.4
2302.0
2304.95
2300.23
2300.75
2315.05
2306.25
2313.17
2344.97
2333.86
2296.28
2292.89
2300.3
2323.13
2325.99
2323.96
2327.6
2310.48
2305.83
2313.66
2309.0
2306.05
2287.71
2296.15
2287.99
2299.83
2305.43
2305.5
2302.97
2299.73
2328.58
2323.71
2317.67
2295.98
2319.99
2324.98
2334.46
2341.81
2335.21
2331.08
2315.99
2318.45
2314.99
2338.35
2401.78
2406.81
2443.0
2449.24
2437.47
2429.78
2418.41
2413.33
2413.46
2404.82
2355.36
2360.37
2356.62
2347.84
2348.0
2357.39
2350.0
2349.43
2354.5
2353.64
2379.51
2444.0
2465.0
2446.18
2470.27
2469.54
2466.13
2486.45
2477.78
2466.99
2457.16
2438.72
2446.31
2469.53
2469.42
2477.77
2478.37
2467.79
2463.39
2455.0
2458.44
2465.46
2448.99
2461.0
2465.0
2500.61
2539.54
2546.4
2552.37
2573.17
2578.74
2588.0
2620.49
2638.14
2627.21
2613.64
2608.1
2602.76
2611.42
2611.01
2590.29
2607.42
2596.28
2591.53
2602.0
2584.53
2578.63
2608.51
2665.0
2698.47
2677.26
2666.13
2614.4
2578.81
2555.85
2572.78
2574.23
2566.85
2562.3
2628.44
2638.19
2622.77
2606.08
2603.11
2599.95
2604.24
2623.88
2637.5
2655.0
2665.94
2650.91
2656.86
2664.26
2620.99
2618.86
2635.04
2636.0
2632.19
2610.01
2571.13
2562.33
2544.61
2495.2
2486.03
2500.75
2494.28
2497.9
2522.54
2516.78
2519.81
2522.0
2538.0
2515.76
2502.19
2509.73
2488.22
2496.46
2488.07
2496.5
2530.0
2529.3
2522.53
2537.8
2535.0
2512.72
2500.0
2514.75
2508.04
2490.65
2486.24
2485.76
2504.0
2511.72
2590.0
2631.92
2641.23
2699.91
2724.99
2710.92
2703.0
2699.55
2719.89
2721.23
2770.0
2747.32
2741.37
2708.3
2698.41
2722.11
2719.66
2712.17
2704.37
2691.33
2690.91
2642.45
2615.9
2645.69
2643.64
2685.03
2820.0
2805.0
2795.4
2817.41
2829.93
2823.32
2816.03
2842.85
2840.55
2834.3
2844.4
2817.1
2808.81
2790.58
2773.47
2790.0
2805.85
2788.7
2781.58
2778.38
2766.52
2755.43
2789.83
2786.38
2781.6
2849.99
2883.34
2917.0
2935.3
2948.79
2939.51
2918.09
2906.14
2893.84
2920.0
2928.31
2933.0
2942.13
2982.66
2980.0
2973.05
2974.52
2979.59
3045.0
3094.59
3114.62
3175.0
3127.95
3104.51
3109.98
3095.0
3092.85
3075.35
3084.73
3095.72
3131.5
3114.06
3172.28
3190.0
3164.7
3109.54
3130.33
3138.85
3139.68
3186.38
3186.59
3157.8
3157.47
3152.38
3122.12
3145.59
3150.36
3122.9
3052.65
3068.53
3016.85
3009.85
3000.02
3025.54
3038.86
3067.0
3065.0
3035.42
2942.4
2948.78
2964.0
2962.63
2964.05
2942.16
2958.38
2976.88
3049.97
3109.42
3143.2
3140.0
3150.0
3153.0
3173.72
3177.98
3170.0
3188.0
3179.41
3163.66
3111.0
3150.0
3177.68
3199.0
3142.63
3144.42
3145.0
3128.74
3138.02
3129.95
3148.97
3163.65
3172.07
3152.24
3154.21
3185.0
3233.82
3167.93
3147.29
3129.03
3103.04
3132.52
3147.12
3165.0
3198.63
3188.01
3162.99
3172.34
3186.66
3182.0
3161.69
3175.0
3182.92
3221.28
3250.0
3242.96
3235.0
3249.0
3240.85
3233.78
3265.77
3275.0
3264.26
3256.27
3250.01
3247.95
3253.81
3264.43
3241.96
3233.4
3184.37
3191.08
3237.8
3238.91
3235.0
3220.0
3179.28
3137.46
3145.97
3147.29
3172.62
3165.27
3157.06
3114.05
3117.99
3100.66
3054.93
3042.14
3038.54
3069.22
3065.29
3076.24
3071.48
3049.72
3057.5
3074.72
3097.96
3142.2
3136.12
3130.03
3146.51
3188.14
3231.0
3251.98
3252.16
3260.0
3248.75
3245.58
3241.6
3245.59
3222.84
3238.87
3244.99
3237.64
3231.38
3296.78
3296.78
3294.03
3328.77
3327.18
3322.88
3310.07
3309.23
3299.99
3300.84
3311.01
3326.21
3310.0
3332.51
3285.55
3247.3
3257.28
3241.33
3279.99
3277.18
3275.44
3262.57
3264.0
3290.0
3265.54
3267.77
3272.23
3279.8
3285.0
3280.86
3287.85
3281.05
3257.38
3257.01
3253.6
3230.49
3177.58
3176.94
3176.39
3165.77
3174.01
3173.91
3198.49
3163.28
3171.0
3162.2
3192.94
3213.38
3268.24
3277.43
3305.96
3325.0
3335.0
3322.33
3322.8
3320.0
3289.2
3300.63
3311.94
3292.92
3290.74
3275.0
3298.5
3310.0
3298.37
3288.8
3236.05
3226.76
3245.85
3229.79
3236.04
3228.45
3174.46
3198.36
3200.0
3186.07
3162.37
3179.89
3197.5
3209.39
3215.69
3201.56
3180.65
3172.04
3204.02
3246.0
3250.0
3280.7
3292.1
3255.51
3243.06
3203.65
3189.99
3175.0
3188.07
3163.19
3124.4
3071.97
3054.36
3052.26
3042.58
3042.77
3045.2
3049.0
3060.92
3084.9
3084.63
3076.35
3049.85
3060.0
3067.04
3055.47
3040.54
3067.95
3080.61
3115.95
3128.29
3125.18
3119.22
3067.0
3040.71
3026.08
3041.68
3060.93
3049.13
3049.68
3030.0
3009.07
2992.13
3017.97
3009.61
3007.82
3020.28
3014.04
3013.01
3001.59
3002.11
3020.0
3057.13
3077.06
3077.06
3058.14
3138.65
3164.0
3163.36
3168.78
3172.53
3189.49
3244.96
3242.41
3240.0
3232.01
3229.54
3225.09
3233.84
3232.05
3225.6
3217.03
3224.37
3217.07
3240.17
3259.85
3300.0
3291.29
3298.0
3274.53
3257.94
3258.55
3278.07
3294.0
3293.99
3288.16
3287.46
3269.1
3284.39
3280.86
3281.44
3306.6
3293.0
3295.0
3310.0
3292.07
3306.18
3302.11
3294.95
3299.48
3284.02
3280.7
3294.44
3289.99
3279.66
3263.64
3236.05
3257.02
3264.0
3258.33
3252.65
3259.06
3251.29
3238.33
3246.71
3250.0
3269.0
3273.68
3270.46
3274.71
3271.5
3262.34
3263.23
3241.05
3240.0
3189.85
3194.55
3190.8
3176.27
3178.49
3178.01
3173.6
3219.99
3257.02
3259.79
3270.99
3304.97
3358.6
3355.0
3354.19
3346.64
3333.5
3339.57
3352.67
3365.0
3352.1
3354.35
3351.53
3381.47
3337.33
3353.54
3355.98
3342.69
3328.31
3345.21
3346.08
3339.92
3335.49
3350.0
3314.68
3308.21
3327.11
3342.37
3344.64
3352.94
3360.0
3353.69
3338.27
3341.58
3325.52
3325.34
3320.13
3252.36
3243.13
3210.26
3200.95
3192.36
3229.36
3221.73
3220.14
3225.68
3219.14
3212.06
3202.76
3216.29
3206.07
3191.71
3216.65
3223.07
3212.37
3185.5
3119.5
3129.87
3143.21
3154.98
3159.37
3191.23
3224.41
3234.92
3240.0
3240.0
3250.0
3240.03
3226.26
3237.37
3237.37
3251.71
3246.1
3221.57
3213.6
3162.86
3168.03
3133.34
3121.32
3116.43
3110.96
3109.73
3117.75
3129.61
3131.7
3148.51
3132.42
3118.91
